-1.737 2.167 2.846
0.588 1.367 2.108
-0.146 0.591 3.583
-1.667 3.560 3.961
-1.705 2.523 2.747
-1.430 3.476 2.983
1.084 1.513 2.800
-1.233 0.387 3.202
-0.736 3.467 2.744
1.615 -0.239 1.109
0.072 1.530 2.320
0.162 2.803 3.418
4.068 0.865 3.121
-0.004 2.451 0.786
3.275 1.988 2.951
-0.436 1.015 2.657
1.458 1.766 2.241
-0.714 2.813 2.616
2.224 3.644 3.658
0.929 3.221 3.953
2.334 3.543 3.429
-0.897 1.232 4.383
-0.667 2.073 3.186
0.151 0.971 3.085
0.698 0.629 0.891
-1.171 1.414 2.436
-1.486 1.111 3.206
2.742 2.903 1.515
0.491 0.157 1.986
1.175 2.493 3.559
2.846 3.358 2.621
0.491 -1.158 3.750
-0.168 0.631 2.615
0.508 4.073 1.414
-0.011 2.256 1.761
3.782 4.869 4.839
-0.302 4.281 2.974
0.958 1.319 3.095
1.223 1.481 3.651
-0.130 2.902 2.414
-0.308 0.632 1.249
0.264 1.073 2.143
1.707 3.381 4.443
0.354 1.147 1.724
2.238 2.210 2.439
3.833 1.444 3.644
-0.120 0.243 1.783
3.454 3.711 2.197
1.937 2.109 1.680
1.638 2.422 1.915
-1.833 1.588 3.799
1.044 3.938 4.047
1.247 2.065 3.024
-0.097 2.444 3.787
0.866 0.296 3.423
0.483 2.793 3.397
1.889 1.357 2.979
1.850 0.868 2.786
-0.159 2.421 3.354
-0.223 0.248 1.640
3.077 1.476 2.558
-0.728 2.648 4.028
0.991 3.070 2.711
4.927 4.008 2.711
0.211 2.860 2.925
3.313 2.759 4.058
3.921 4.395 5.271
0.254 3.323 1.122
1.253 1.587 1.311
3.139 2.721 3.558
0.391 1.975 0.600
1.128 2.449 2.945
-1.570 1.641 2.897
2.807 3.457 4.558
0.465 1.615 0.737
-0.980 1.714 4.120
0.475 2.116 2.021
0.402 3.012 4.029
0.213 2.458 4.257
0.145 0.437 1.818
-0.912 0.692 3.175
-0.682 2.175 3.432
3.624 2.695 3.248
2.384 0.832 2.044
0.248 1.105 2.937
-0.250 2.014 3.079
0.515 3.415 3.451
0.092 -0.145 2.349
0.969 2.864 1.453
0.494 2.409 1.398
-0.421 1.264 2.563
0.868 1.610 1.918
5.646 3.078 2.769
1.760 2.765 4.508
-1.302 1.394 2.570
1.903 1.597 3.659
2.395 2.626 2.644
0.511 2.949 3.727
0.352 1.500 0.718
2.354 1.158 4.078
1.577 1.010 2.725
0.764 0.615 2.922
2.108 2.380 2.252
2.989 2.004 2.913
-0.275 1.694 2.715
0.787 3.100 3.075
-0.567 2.282 4.090
0.405 2.518 1.781
-1.805 1.631 0.902
1.509 3.665 1.959
2.197 1.840 4.070
2.042 1.648 2.744
3.038 1.484 0.841
1.727 1.873 3.495
1.117 1.820 2.229
0.392 1.737 2.557
1.720 0.920 3.582
0.848 2.000 3.215
3.102 1.777 3.902
1.092 -1.131 1.221
0.574 2.423 2.143
-0.032 1.118 2.275
0.127 1.860 3.420
2.048 0.639 2.631
-0.690 2.061 3.146
1.553 1.341 2.728
0.615 1.883 7.224
1.194 0.795 2.014
-1.603 -0.590 2.706
2.245 2.416 2.277
1.517 2.611 3.734
2.156 3.330 2.813
-0.111 2.101 1.337
0.889 2.546 0.787
2.369 1.106 0.867
-0.967 1.861 2.802
-0.695 1.730 2.553
1.184 2.619 3.924
0.201 2.772 3.990
1.194 2.425 1.411
-0.025 1.597 3.547
-0.524 0.756 0.702
1.442 2.230 4.365
-1.734 2.340 1.732
1.577 -0.757 3.468
1.881 0.917 1.831
0.978 1.122 2.499
0.937 1.668 4.104
-0.121 0.100 3.747
-0.239 0.766 2.436
0.453 2.378 2.970
-1.167 1.676 4.535
1.353 2.154 3.459
2.976 2.782 2.851
1.386 2.729 5.183
0.392 3.378 3.724
0.750 3.928 4.091
-0.849 -0.496 3.265
3.010 3.405 4.284
0.807 3.316 3.926
0.942 1.531 4.126
0.070 2.596 3.009
0.962 1.359 4.877
0.131 1.566 3.753
1.877 2.259 0.134
1.082 -0.163 2.333
-0.779 0.981 2.381
1.355 3.295 4.126
-0.352 4.718 3.954
2.650 3.670 5.345
1.307 2.062 1.671
-0.537 0.310 3.965
2.654 1.227 2.884
0.546 0.953 3.330
3.652 3.437 2.799
-0.001 1.506 3.505
0.192 2.432 1.758
1.278 2.542 3.913
0.957 3.303 2.728
1.361 2.725 2.233
-1.291 2.726 2.636
0.599 1.439 2.291
1.455 1.648 2.425
-1.720 3.144 4.564
1.181 4.190 2.649
0.165 2.277 2.635
0.153 3.051 2.869
2.699 3.382 3.753
0.374 3.497 3.489
0.773 -0.105 5.413
1.662 2.472 2.975
-0.216 1.870 2.421
1.187 1.886 3.629
2.582 2.213 4.058
0.361 0.356 0.613
0.235 0.947 1.700
2.192 1.655 3.221
1.965 2.152 1.790
0.084 1.228 1.794
-0.085 2.857 2.015
-1.389 -0.551 2.356
-0.899 1.156 3.282
3.939 3.126 4.642
1.237 1.304 5.348
0.959 1.678 3.789
1.779 2.344 3.541
0.476 0.500 0.949
2.556 -0.388 2.179
-1.894 1.264 3.449
2.117 1.443 3.604
1.392 1.258 3.123
0.615 1.515 3.729
1.074 2.521 3.419
-0.518 1.496 0.595
1.160 1.061 3.997
1.682 3.372 2.685
-0.927 -0.321 2.284
0.039 0.528 2.060
-0.262 3.253 2.918
1.673 1.941 3.557
-0.147 1.383 3.258
0.591 2.825 3.450
-2.896 0.458 2.848
2.151 2.803 1.733
3.138 2.403 0.878
1.297 2.999 4.360
0.712 1.744 2.979
4.009 1.092 2.326
1.370 1.533 3.419
1.195 3.295 2.850
1.213 2.548 3.566
3.808 3.814 2.622
0.629 1.895 3.144
2.215 2.129 3.396
0.616 3.230 3.653
-0.397 1.574 1.446
0.917 1.615 2.249
0.856 0.814 3.194
1.095 2.528 3.186
0.336 -0.472 2.828
-1.384 2.642 3.060
1.744 1.604 3.374
0.425 1.473 3.120
0.053 0.366 4.570
1.089 2.506 1.203
-0.395 1.837 3.660
1.568 4.497 1.305
1.321 1.843 2.176
2.569 3.791 3.822
0.982 1.316 2.134
1.527 2.786 2.781
1.978 2.820 2.274
2.488 3.247 2.853
1.755 3.561 2.926
-0.600 3.162 2.402
2.057 5.272 2.898
1.882 1.470 2.522
1.376 3.952 5.009
1.948 2.521 4.143
1.626 1.336 1.595
3.019 3.596 2.253
3.510 2.194 2.994
-0.095 0.484 3.225
2.338 2.238 3.364
-1.228 0.727 2.774
3.179 1.992 2.094
0.664 0.486 2.330
2.307 1.360 2.445
1.912 2.571 4.075
-0.599 1.339 2.829
2.332 2.696 3.645
0.334 1.472 2.246
-1.428 3.331 2.869
-0.646 0.807 2.458
-0.618 2.976 4.409
0.282 2.249 2.821
2.485 0.659 3.199
0.930 3.138 2.947
0.339 1.036 1.953
2.195 -1.237 2.932
0.103 -0.330 3.069
-1.009 0.790 2.556
4.569 1.831 3.377
3.869 2.565 3.435
0.137 0.441 3.739
1.604 3.321 4.802
2.820 3.519 1.337
1.012 1.478 2.419
1.042 1.771 2.457
1.401 2.409 1.997
1.173 4.130 4.001
-0.247 2.337 1.452
1.844 1.737 3.250
1.141 2.706 3.250
-0.024 2.728 5.040
0.633 2.117 3.322
-0.500 2.054 1.666
1.367 3.767 1.803
-0.069 2.539 3.840
-0.941 1.275 1.740
3.737 2.106 2.913
0.503 2.436 3.312
1.351 2.430 2.400
1.402 2.240 3.734
2.176 2.592 4.757
4.036 4.927 2.732
1.181 1.193 4.097
0.517 2.650 3.446
2.014 1.544 4.218
0.129 -0.593 3.669
0.498 2.076 1.887
1.099 3.801 1.447
0.018 1.364 2.920
2.470 2.982 0.515
0.860 1.846 1.644
-0.722 0.510 3.647
-0.701 0.064 3.235
3.408 1.848 4.891
-1.257 2.366 2.424
-0.001 2.098 3.646
3.655 1.385 4.463
0.460 3.212 3.818
2.123 2.575 4.240
1.511 3.932 2.803
2.840 1.170 2.493
-3.285 2.523 2.098
0.879 3.129 2.353
1.981 3.633 3.529
0.175 1.604 4.007
3.591 2.040 3.396
1.411 1.442 5.426
0.581 0.796 3.982
0.749 2.033 2.979
1.368 1.277 3.077
-0.616 1.481 3.964
0.425 2.155 2.682
2.980 1.660 2.743
3.534 2.470 3.996
-1.259 2.112 1.327
-2.128 1.544 2.634
1.164 0.784 3.843
2.175 0.569 3.649
0.761 1.697 3.588
1.302 1.246 3.873
0.979 1.910 1.570
0.850 1.913 2.995
1.887 1.331 2.952
1.816 4.861 1.583
3.066 3.530 4.133
1.557 2.213 4.639
-0.214 2.953 2.997
2.467 -0.008 2.620
-1.942 2.825 3.328
0.652 2.349 2.938
1.691 0.536 3.106
0.762 0.242 5.044
-0.227 2.891 2.080
1.447 2.731 2.339
-0.098 0.773 2.443
-1.044 3.629 3.441
1.639 2.218 3.855
2.089 0.684 2.935
0.658 -0.377 3.135
-0.231 3.799 3.251
2.153 2.745 1.950
-0.352 1.940 2.112
-2.914 3.071 2.955
1.629 1.172 3.055
-0.026 3.184 3.567
3.617 1.611 3.217
2.216 0.266 2.411
0.662 0.816 2.349
-1.010 1.059 1.470
0.414 1.115 3.178
1.969 1.703 1.946
0.467 1.624 2.790
-1.330 1.960 3.802
2.128 1.385 2.429
0.548 1.363 0.956
0.479 2.711 2.796
2.079 1.486 4.560
1.724 3.485 5.426
-1.268 0.163 2.414
2.019 3.100 3.683
-1.449 2.149 2.221
-0.554 2.269 2.627
3.461 2.264 4.082
0.554 2.341 3.419
2.066 1.817 3.104
0.719 2.316 4.001
1.835 3.805 4.737
1.995 4.530 3.069
0.798 2.776 2.376
-1.078 0.907 4.067
2.994 2.150 2.555
1.588 1.983 2.537
-0.351 1.102 2.445
0.038 1.893 2.541
2.266 0.728 4.051
2.731 2.506 4.460
0.573 2.557 2.920
1.838 1.510 2.822
2.521 3.934 2.536
2.129 2.620 3.051
-1.818 1.676 2.646
0.169 0.967 3.058
3.062 2.652 5.140
0.215 0.726 3.667
0.713 1.722 5.070
2.948 1.902 2.596
-1.009 3.173 2.751
1.022 3.894 3.974
0.285 0.493 4.430
1.840 2.757 1.941
4.321 4.495 2.732
1.900 3.104 2.197
5.323 3.529 5.154
-0.457 2.104 3.304
-0.206 -1.970 3.062
-0.929 -0.046 3.009
-0.709 2.885 4.084
1.637 1.434 2.641
1.013 2.078 2.834
0.926 4.249 2.379
0.270 2.833 4.138
-0.485 2.501 2.796
0.829 1.529 1.500
0.083 2.126 1.848
0.895 1.928 2.110
-0.129 1.975 4.744
5.007 0.928 1.989
-1.680 2.182 3.432
-1.342 0.143 3.260
1.085 2.715 4.658
-1.702 1.557 4.300
0.820 3.118 3.816
-0.407 2.111 2.958
1.667 1.465 2.302
0.412 1.672 3.117
-0.551 -0.689 3.139
1.521 1.918 3.290
1.243 0.975 3.002
0.877 0.937 2.859
0.364 3.655 2.124
2.626 2.320 1.283
1.661 2.554 2.585
2.468 2.082 2.013
0.707 2.549 3.323
2.084 2.068 2.964
1.396 2.453 3.992
0.079 1.207 1.036
1.281 4.135 3.317
1.808 3.303 3.522
3.135 1.539 3.326
-0.530 1.757 1.217
0.193 1.817 2.995
-0.317 2.132 2.440
2.116 1.044 3.512
-0.618 3.007 3.082
0.697 3.105 3.396
-2.108 -0.741 3.578
-1.119 1.220 1.094
-0.760 0.679 2.391
2.410 1.855 4.420
0.726 2.011 3.379
1.549 -0.355 2.807
1.744 1.297 2.946
-2.028 2.144 2.483
1.093 2.780 2.560
2.079 4.140 2.729
2.460 2.973 3.664
0.925 0.379 1.388
0.172 0.667 2.401
2.198 4.414 3.309
2.326 1.800 2.745
0.272 1.543 2.351
3.900 0.947 3.270
0.020 2.165 2.282
2.173 2.880 4.213
2.505 3.224 3.615
3.345 3.054 2.107
2.088 1.798 2.839
2.715 2.515 2.991
2.161 0.218 4.161
-1.809 1.640 2.323
2.910 2.199 4.170
2.149 1.982 1.395
2.026 2.301 3.053
-0.501 1.247 2.755
-0.052 0.921 3.643
3.998 4.138 2.669
2.612 2.402 3.823
1.051 1.060 3.190
-0.767 3.167 2.848
1.993 2.004 3.097
1.051 1.654 1.936
2.370 3.478 2.824
2.603 1.633 1.684
0.199 2.049 3.968
-0.885 2.511 4.303
