4.440 3.078 0.894
2.001 4.143 -1.667
3.142 2.041 1.270
4.927 3.358 0.850
5.422 3.930 1.854
5.838 4.605 0.774
3.320 -1.698 0.722
5.054 1.210 2.859
6.398 3.250 1.363
3.642 2.520 -1.286
3.655 0.018 -0.395
5.338 3.788 1.209
7.883 2.962 2.477
7.966 7.430 2.307
5.004 1.484 0.668
4.505 2.554 1.412
6.619 3.170 1.521
6.161 3.934 2.086
8.116 3.149 1.563
3.076 3.084 0.579
5.733 2.996 2.814
8.183 4.617 1.519
6.218 3.917 1.894
3.990 2.708 1.181
3.688 1.135 0.718
7.622 6.225 1.901
4.191 2.972 1.502
5.744 2.114 1.709
3.313 1.709 -0.230
8.542 6.207 1.678
5.352 4.904 0.443
6.243 5.045 0.750
5.563 1.440 1.164
4.829 3.228 1.144
5.097 0.817 0.708
6.592 1.630 0.351
6.010 5.681 -0.609
4.209 0.939 0.259
5.475 2.899 0.718
2.421 2.352 0.357
5.663 3.638 0.813
1.685 1.428 -1.205
4.728 2.113 2.080
7.135 5.104 2.355
6.317 3.743 0.864
7.256 5.626 -0.295
4.019 4.259 1.005
5.825 1.270 2.001
6.692 5.197 1.427
4.396 4.354 1.345
6.300 1.787 1.599
7.323 6.706 1.364
7.796 3.120 1.656
6.556 4.427 1.899
3.147 1.912 -0.179
6.093 3.031 1.459
5.466 2.037 1.053
5.530 3.074 0.592
7.305 3.991 1.348
4.876 0.787 0.634
6.135 2.755 1.238
6.516 3.053 2.982
1.942 2.047 -0.328
4.623 2.744 0.588
6.058 3.063 0.884
4.352 1.590 1.660
8.896 2.325 3.166
8.083 6.656 2.542
4.355 2.822 -0.730
4.817 3.764 0.514
4.317 4.129 0.573
7.345 7.030 1.045
4.036 2.421 0.197
4.789 4.671 0.737
7.149 4.895 1.574
7.551 3.100 2.326
5.146 2.699 1.125
5.709 3.902 1.450
6.617 3.520 1.937
4.192 1.098 -0.492
5.674 3.088 1.068
3.660 3.949 0.484
7.176 2.926 0.246
9.008 2.418 1.717
3.507 4.005 0.138
5.547 2.045 1.865
4.200 3.045 0.697
8.369 6.566 1.618
6.742 5.381 -0.569
3.770 3.654 0.429
5.551 2.779 2.359
7.052 7.118 2.171
3.490 0.798 0.353
5.794 2.256 2.425
6.529 2.548 1.721
7.859 5.518 1.192
6.742 3.044 2.418
5.444 2.950 1.535
2.377 1.958 -0.552
7.062 1.424 1.989
4.706 2.928 0.122
4.795 2.707 2.598
8.862 4.944 1.640
4.158 0.733 1.075
4.061 1.116 -0.711
6.636 3.809 2.009
4.365 -0.205 -0.287
4.008 0.259 -0.143
4.362 3.547 -0.111
3.069 2.522 0.391
4.539 4.245 -0.083
3.534 4.096 1.129
5.465 4.885 1.895
6.484 4.153 1.751
2.831 3.502 -0.515
4.662 2.534 0.408
6.904 4.848 0.362
6.929 5.622 1.264
4.703 3.103 0.644
5.035 4.435 0.666
6.205 3.006 0.413
3.182 1.469 0.442
3.242 2.484 0.119
6.164 1.514 3.363
6.505 5.929 1.117
3.198 1.502 0.412
2.956 3.270 -0.261
3.643 1.584 -0.281
6.078 5.605 1.540
5.160 4.638 1.069
6.003 3.549 0.595
5.769 2.217 0.471
7.686 4.114 2.667
7.067 4.181 0.502
7.066 3.924 1.923
4.589 3.511 0.904
7.524 6.768 1.419
4.041 2.944 1.350
4.465 0.661 1.568
3.061 5.906 -0.615
8.228 3.559 3.158
9.066 6.394 1.835
6.334 2.643 1.000
8.037 4.490 2.576
7.264 1.978 0.549
7.083 6.259 0.893
6.573 2.905 0.965
5.246 2.175 1.713
4.371 2.233 0.053
5.545 2.995 1.422
6.246 4.402 1.434
4.344 2.205 1.574
4.550 3.299 -1.600
6.987 3.229 1.591
5.636 2.454 1.134
6.531 4.666 1.889
3.264 0.834 0.767
6.968 3.421 0.610
3.762 4.731 0.939
8.026 5.788 3.107
7.436 4.049 2.432
9.743 5.007 2.674
2.591 -0.088 0.467
6.133 4.061 0.763
3.690 2.272 0.321
4.905 2.349 0.122
3.557 2.123 -0.090
6.233 2.191 2.394
5.470 4.874 0.793
4.258 5.770 0.158
3.954 1.830 0.394
5.268 -1.386 2.034
6.825 5.189 2.106
7.267 4.195 0.808
3.487 -0.174 1.301
5.779 3.559 0.167
5.228 3.475 1.715
6.954 3.083 2.358
6.079 1.313 1.430
5.859 2.638 2.053
4.155 1.933 0.094
7.513 4.185 0.991
5.135 3.435 1.003
3.800 2.544 -0.061
5.240 4.150 0.872
4.454 0.796 0.826
6.624 4.597 3.006
4.785 2.958 0.638
4.446 2.201 0.756
7.320 5.473 0.750
4.173 2.086 -0.788
5.864 6.163 0.827
5.510 4.655 1.032
3.893 2.765 0.186
7.318 4.050 -0.392
2.668 1.180 0.275
5.775 1.878 -0.417
5.813 2.237 2.377
6.090 4.709 2.293
6.440 5.211 1.047
5.799 2.284 -0.147
7.546 4.560 2.033
4.536 3.859 -0.265
4.098 2.543 1.390
5.278 3.003 0.437
8.966 4.250 1.607
5.888 2.814 1.901
6.707 3.161 2.602
3.980 1.998 -0.391
5.415 1.487 1.439
0.868 2.304 -0.623
7.413 1.930 1.416
8.155 6.151 2.139
4.904 2.370 1.485
5.441 2.536 1.749
6.104 4.093 1.382
6.956 5.101 2.126
4.865 7.199 0.668
5.019 3.814 0.331
6.886 2.316 0.886
9.588 2.783 1.527
4.273 0.530 0.830
7.399 6.471 1.838
7.135 2.816 1.354
4.979 1.982 0.067
3.638 1.827 0.719
5.009 4.858 0.840
4.185 4.323 0.102
6.623 5.034 1.132
11.073 3.677 4.251
10.240 3.206 1.988
3.874 3.385 -0.271
6.149 3.805 1.591
5.664 3.529 0.165
4.786 2.150 0.318
5.909 2.918 0.706
4.721 3.993 0.399
4.649 -1.380 3.177
3.459 0.049 1.336
6.033 2.653 0.969
4.036 1.291 -0.064
3.450 3.156 0.996
4.276 3.989 0.378
6.163 3.309 1.925
6.446 4.552 1.141
4.063 3.190 1.903
3.655 3.348 2.010
4.134 0.826 0.281
4.534 1.954 0.239
2.810 1.835 0.218
3.740 0.042 1.199
5.943 3.299 1.448
3.383 3.529 -0.366
5.878 3.113 0.785
6.568 2.059 3.239
5.642 2.103 2.158
5.688 5.999 0.607
3.497 1.837 0.479
5.617 5.048 0.734
3.119 3.193 0.174
4.880 3.451 0.435
7.097 3.985 2.388
5.429 3.569 1.519
7.240 3.010 3.002
4.649 0.542 -0.271
2.608 1.482 0.077
0.585 2.882 -2.137
4.974 3.184 1.537
4.667 2.606 0.423
8.585 5.882 1.531
5.934 4.198 1.283
5.475 0.352 0.827
6.967 6.839 1.741
1.912 -1.035 -1.177
9.016 6.682 1.712
4.849 1.196 1.671
4.424 4.180 0.212
6.330 1.975 1.556
3.625 1.344 -0.753
2.413 2.233 0.502
5.076 4.469 0.429
4.880 3.601 0.947
4.032 3.529 0.871
5.814 2.759 3.327
6.853 3.956 1.525
6.377 2.149 1.983
6.451 4.453 0.281
5.837 2.951 -0.267
4.603 2.570 0.857
5.854 4.914 0.936
3.918 4.563 0.974
6.079 1.443 1.058
4.798 3.656 0.276
5.474 3.526 1.321
3.775 1.699 1.270
8.304 5.069 2.574
5.605 2.519 1.264
4.156 3.706 0.316
7.561 5.667 2.671
6.217 4.748 2.198
4.090 2.536 1.074
5.396 2.136 -0.103
4.421 2.580 0.690
3.947 -0.157 0.350
6.427 5.442 1.754
3.395 1.588 -1.267
4.620 0.743 0.061
7.373 2.684 2.834
7.891 5.259 1.221
4.067 2.957 -0.143
2.988 -1.290 1.326
3.725 1.960 0.120
5.803 2.088 1.657
7.236 5.945 1.362
4.880 2.558 1.272
4.774 3.302 -0.033
2.597 1.275 0.886
3.686 3.711 -0.889
3.675 2.772 -0.527
4.336 3.575 -0.819
4.477 0.517 0.814
6.665 2.544 -0.628
3.864 2.429 0.119
5.238 4.611 0.068
6.469 3.688 1.538
3.043 2.381 0.072
5.694 4.298 1.681
10.533 5.355 3.040
4.317 3.714 0.306
5.675 3.614 1.584
7.642 2.723 0.977
4.278 3.949 0.256
2.460 0.822 -0.904
5.209 5.099 -0.643
3.151 3.084 -0.013
6.506 1.620 0.929
3.457 5.447 -0.494
4.457 3.334 2.294
1.341 1.054 -1.065
2.018 1.296 -0.293
5.568 5.311 0.234
4.785 4.275 0.875
3.015 0.276 0.727
3.431 4.226 1.018
3.638 1.953 0.814
5.942 2.949 1.121
5.280 2.238 -0.144
6.765 3.518 1.643
6.421 1.467 1.352
2.099 -0.600 -0.515
3.213 5.627 -0.689
6.176 5.512 0.431
4.452 1.693 0.227
7.064 4.262 0.309
6.003 2.230 1.805
7.502 4.601 2.316
4.588 0.925 0.256
5.280 0.718 -0.743
8.102 7.489 0.953
5.259 4.614 0.975
3.962 1.197 0.975
6.854 1.423 1.716
3.452 2.303 -0.511
2.747 3.252 1.258
5.105 0.166 2.481
7.864 1.650 2.069
4.834 4.810 1.257
8.186 3.742 4.232
4.572 2.690 1.354
6.936 5.431 1.515
4.898 1.859 1.132
6.811 2.361 1.353
4.655 2.245 -0.420
5.297 3.396 -0.085
4.827 3.267 0.575
6.163 3.945 0.349
5.775 5.275 0.646
3.072 0.596 2.292
6.263 2.121 1.629
2.937 1.758 0.611
6.495 5.974 1.078
4.661 4.308 0.423
4.792 5.229 1.242
3.412 1.197 1.141
6.657 3.858 0.865
5.332 4.045 1.130
6.272 4.566 0.929
4.990 3.295 -0.194
2.960 1.102 1.717
8.710 5.607 3.358
6.250 3.198 1.876
2.776 1.821 0.147
7.868 5.678 2.618
-0.062 1.178 -0.893
6.244 4.711 1.419
5.271 3.961 2.159
4.309 2.902 -1.360
9.057 5.391 2.365
4.862 2.842 1.178
5.850 4.660 1.302
6.336 3.263 1.449
4.044 0.794 0.715
-0.017 2.265 -2.824
6.562 1.277 2.991
5.451 3.407 2.271
5.509 3.366 1.802
6.196 2.488 2.412
5.407 2.762 -0.806
4.811 3.904 0.489
6.600 4.007 1.660
3.627 1.212 -0.134
3.766 1.789 1.751
3.899 2.544 -0.810
5.070 3.358 2.392
2.976 1.281 -0.724
9.427 4.139 2.076
2.540 4.690 1.307
8.177 2.047 2.129
8.363 4.462 1.606
6.955 3.059 2.477
4.972 3.097 0.674
4.920 2.831 1.492
6.284 2.957 0.198
6.448 1.915 1.774
6.674 1.852 2.278
6.196 5.213 0.205
8.355 5.258 3.099
6.261 3.316 1.193
8.243 3.228 1.026
2.853 0.258 -0.389
4.907 4.027 0.461
8.705 2.612 3.154
2.772 2.184 0.990
3.647 0.451 0.022
4.168 1.205 1.001
3.550 1.270 1.204
3.549 0.982 -0.482
0.096 1.170 -0.679
5.225 3.576 0.827
4.694 2.111 0.752
4.102 1.696 1.337
4.541 3.195 0.459
5.689 2.756 1.618
3.108 -0.028 0.429
3.738 1.516 2.407
5.038 3.707 -0.132
6.440 3.839 0.611
0.132 0.039 -0.711
3.384 -0.488 -0.182
6.953 3.077 2.980
5.013 3.557 1.401
5.540 6.318 0.297
4.411 2.471 0.212
10.379 2.890 0.911
6.359 4.204 1.146
7.588 5.930 0.997
5.040 2.489 0.093
6.582 3.404 0.795
5.222 3.950 0.656
6.794 2.539 0.426
5.194 3.743 1.136
5.102 5.203 1.432
6.304 4.350 0.476
6.286 3.434 1.590
6.195 4.152 1.501
5.552 3.176 1.159
4.155 3.044 -0.345
8.137 5.507 2.004
5.137 4.992 0.940
5.319 3.686 1.810
6.998 3.748 1.796
3.609 2.414 -0.692
3.072 4.599 0.475
5.051 3.298 0.496
5.495 4.877 -0.360
4.773 2.796 1.942
6.734 1.988 0.972
10.105 5.045 1.973
5.416 3.118 0.745
3.564 2.642 0.645
3.314 2.925 -0.260
5.642 0.925 0.822
3.449 2.305 -0.242
5.567 2.271 0.642
5.182 1.301 0.554
5.449 4.129 0.892
5.255 4.361 1.078
4.221 0.557 0.730
4.991 1.241 1.128
5.367 3.892 0.941
5.028 0.178 0.388
2.031 1.777 0.381
5.352 2.860 1.756
4.155 1.586 1.438
8.376 3.138 2.519
5.450 3.820 0.429
4.598 3.686 0.832
5.453 2.268 1.181
3.989 1.338 0.922
6.967 4.481 2.110
